20000
19348
18223
18116
20102
20924
19455
19651
21184
20797
19748
17912
18130
18230
17001
18282
19102
17127
17742
16458
15406
17281
15495
15714
15597
15408
15326
17247
19109
20066
19880
18587
20095
20128
19679
18386
18400
16874
17411
18932
18497
17233
15386
16687
18307
19745
19470
21392
21920
20679
19609
20244
19007
18283
17808
19399
17653
16392
15190
13824
12087
14006
14732
13255
13401
11842
10985
9855
7891
8628
7279
6159
4356
2956
4576
3394
2290
3757
4465
4369
3722
3175
3751
5587
4609
4619
3697
5023
6860
5913
6252
7351
8422
10237
9670
10154
8378
7091
7059
8513
9442
9097
10484
12069
12685
14086
15991
17067
15767
17249
17098
17826
15915
16742
18122
17494
19396
20272
20692
22019
22669
22944
23343
21966
22058
23425
23986
24131
25622
24376
25176
26647
27563
27288
26061
28030
27207
26636
25155
23164
22574
22781
22698
23695
25672
24985
25685
24135
24057
25212
25727
26030
27873
26028
26257
26399
24414
25277
23957
22755
21893
20772
19549
21331
22217
20365
22336
21436
22669
21897
20260
22225
23429
25234
26037
27662
28338
27778
28440
26638
27606
25789
24277
25010
26171
26058
24985
25445
26010
24092
23773
24713
23560
24484
23840
22635
24402
25592
27457
26598
27886
29542
28044
27431
26930
27850
29506
27548
26915
28443
27604
29510
30789
30580
31951
32519
31042
29567
29720
27752
28522
26829
26094
26971
27600
27219
29083
28120
26747
27215
25554
26079
27501
26891
26816
28370
27526
27280
26153
26864
28184
27352
25859
24891
25405
25925
26060
27686
26748
26124
24646
22787
22920
22378
21380
21406
20479
20748
22629
21123
19890
20103
19112
17409
19274
17508
18067
17747
15775
16846
15317
16566
15635
13940
12477
10917
12807
14525
14468
14251
13404
13801
12522
11765
10248
12240
11415
9684
11308
9863
10504
11299
12492
14250
13075
13993
14247
14795
16575
15333
16064
14818
14586
16146
16605
16715
18283
19060
18377
16899
15927
14210
15186
14284
12975
12762
10893
10753
10457
10443
9040
8771
9986
11978
10864
10561
9017
8034
6591
5819
6689
5672
6252
5126
5537
6138
6407
6303
7313
7746
7795
5811
7398
7894
8617
7090
5997
5864
4063
4137
6038
4923
5983
4836
5064
6600
5255
5295
4671
3316
5061
3773
1922
1663
3615
3506
4414
5706
5541
4630
5251
6239
7898
9814
8231
6847
6334
6824
6824
6729
7179
6160
4545
3805
5388
4984
5090
5049
3554
2053
1473
346
-92
1195
-543
-1878
-2284
-1627
-163
-1390
-3026
-1464
-1241
748
1327
1656
366
42
-1023
-722
-1556
-1323
-2924
-2142
-3704
-2438
-3659
-4625
-2698
-2661
-1110
-1266
-80
1437
1141
2236
1004
-957
-249
1352
-406
805
-778
-473
-604
-1069
-1798
-3563
-2449
-2004
-3701
-5069
-6368
-5035
-5258
-3504
-3750
-4400
-3560
-3043
-3519
-2443
-4443
-3111
-4296
-2629
-3496
-3984
-4913
-5597
-7298
-9217
-10661
-9703
-9264
-10407
-10343
-10398
-9857
-11336
-10684
-9951
-11413
-11317
-9667
-11442
-12573
-10725
-12298
-12084
-12063
-13236
-12785
-14116
-15639
-17546
-19487
-20598
-22574
-24067
-24487
-25534
-24303
-25690
-24019
-24002
-24285
-24663
-22933
-24010
-22946
-22172
-23426
-22813
-20917
-22565
-24113
-22371
-20742
-22289
-21373
-21366
-20976
-19624
-18129
-16859
-17797
-15821
-15565
-14691
-12941
-12940
-13800
-13080
-12850
-12043
-11072
-11558
-12251
-12133
-12291
-13031
-13027
-12321
-12805
-12153
-11154
-11953
-12808
-13002
-14668
-16224
-14600
-13157
-14611
-14120
-14138
-15307
-14736
-13268
-11574
-10734
-11283
-9330
-10469
-9260
-8021
-8121
-7204
-7685
-7418
-8560
-8607
-10051
-11699
-11136
-11824
-10456
-11168
-10376
-11793
-10422
-11698
-13024
-12103
-13933
-12206
-10575
-9739
-8950
-10576
-10083
-8474
-7834
-8919
-8003
-8901
-9240
-9911
-10688
-10307
-8542
-7906
-9203
-7906
-7623
-8123
-6132
-6281
-8195
-6493
-8321
-7224
-5530
-6792
-8532
-9845
-10799
-9226
-11141
-12011
-13237
-13372
-12804
-12641
-11710
-12757
-11859
-10850
-10574
-12219
-12667
-12821
-11954
-10099
-8375
-7072
-8385
-7996
-9840
-9010
-9049
-9483
-9996
-10870
-8909
-7520
-7421
-6158
-5215
-5339
-4465
-4339
-5807
-3957
-5492
-6362
-8228
-9868
-10787
-9081
-7288
-7323
-7037
-6329
-4431
-4773
-5032
-5851
-7550
-8666
-8659
-10319
-9961
-8248
-7060
-5221
-4316
-4515
-5699
-5478
-3643
-1739
-3308
-4569
-5068
-4275
-3567
-4382
-3466
-1998
-408
-44
-1556
-723
-708
-2248
-2716
-1512
-2231
-976
-775
-1940
-2300
-1740
-907
-520
225
1448
2127
1377
-115
-1172
-115
1295
1119
-650
-1673
-103
853
2509
1800
1729
1589
133
-1712
-605
956
1260
1711
1986
1221
3014
4048
5371
7202
5665
4118
4028
2253
2935
3277
3722
4840
3367
3698
2957
2352
711
1356
2416
1417
1646
1412
971
2131
3806
2750
4151
3164
2830
1842
2349
432
-177
-1426
-1405
-1055
-1158
-2364
-3605
-1616
-361
-886
-2258
-3530
-5300
-6095
-6953
-5206
-3694
-2594
-3316
-2740
-4467
-2678
-4559
-5945
-4875
-3466
-3871
-4784
-5763
-7699
-5997
-6738
-8549
-8636
-8626
-7003
-8597
-9755
-11102
-12895
-12121
-11655
-10825
-8838
-9124
-10198
-9584
-11424
-12929
-13647
-12621
-12687
-12742
-13000
-14597
-15162
-15802
-16482
-15238
-17192
-18791
-20781
-19848
-20322
-21256
-20341
-20663
-21189
-22188
-21127
-22768
-23795
-23057
-23503
-23355
-21756
-23687
-23336
-25178
-25853
-23979
-23666
-24847
-23178
-24961
-25669
-26218
-26687
-25541
-24253
-22834
-24045
-23252
-23794
-23454
-22225
-20335
-20530
-20021
-19157
-19642
-18603
-17044
-18012
-19669
-20598
-21374
-19775
-18823
-19110
-20198
-20038
-20172
-22121
-21373
-21903
-21210
-19788
-19610
-20732
-20778
-22373
-22012
-21171
-22339
-22595
-23380
-21875
-20317
-19576
-18811
-20388
-22197
-24157
-25357
-24666
-25084
-24461
-23892
-25493
-25324
-26931
-27805
-26536
-26648
-27869
-27553
-29138
-28404
-30189
-29169
-30442
-28835
-26878
-26299
-27762
-29702
-30221
-30533
-29073
-27515
-28705
-27494
-29300
-29681
-28627
-28106
-29717
-28707
-27665
-29024
-29233
-29578
-30076
-28362
-28923
-29692
-31078
-30450
-28919
-29677
-29827
-31269
-33161
-32384
-30452
-30361
-31074
-31090
-32164
-30945
-32467
-30518
-31593
-32248
-33867
-32749
-34595
-33678
-35122
-36618
-35928
-34297
-32951
-33186
-34794
-33814
-32839
-33497
-32918
-34313
-35803
-34002
-32269
-32398
-31065
-32873
-31005
-30009
-28219
-27556
-27606
-25982
-24939
-26222
-24352
-25647
-25116
-25197
-25662
-25105
-23223
-22292
-22845
-24833
-23212
-21500
-20577
-20120
-21568
-20294
-18773
-19218
-18263
-18935
-19403
